Data\MODEL\AbandonedBuilding.x
-14301.547852 -564.000000 13850.973633
0.500000 -0.900000 0.000000

Data\MODEL\AbandonedBuilding.x
-12089.468750 -563.000000 9327.127930
-0.100000 -0.200000 0.000000

Data\MODEL\AbandonedBuilding.x
-11911.262695 -563.000000 7642.889160
-0.100000 -0.200000 0.000000

Data\MODEL\AbandonedBuilding.x
-11763.466797 -563.000000 5975.773438
-0.100000 -0.200000 0.000000

Data\MODEL\AbandonedBuilding.x
-11731.579102 -563.000000 -1895.500488
0.000000 -0.200000 0.000000

Data\MODEL\AbandonedBuilding.x
-11605.837891 -563.000000 -3571.734131
0.000000 -0.200000 0.000000

Data\MODEL\AbandonedBuilding.x
-11480.503906 -563.000000 -5256.515625
0.000000 -0.200000 0.000000

Data\MODEL\AbandonedBuilding.x
-5900.739746 -563.000000 10141.146484
0.000000 -0.100000 0.000000

Data\MODEL\AbandonedBuilding.x
-5987.231934 -563.000000 8463.727539
0.000000 -0.100000 0.000000

Data\MODEL\AbandonedBuilding.x
-5956.925293 -563.000000 6765.750488
0.000000 -0.100000 0.000000

Data\MODEL\AbandonedBuilding.x
-5608.753418 -563.000000 -1977.605103
0.000000 -0.100000 0.000000

Data\MODEL\AbandonedBuilding.x
-5648.695801 -563.000000 -3815.776367
0.000000 -0.100000 0.000000

Data\MODEL\AbandonedBuilding.x
-5675.703125 -563.000000 -5592.996094
0.000000 -0.100000 0.000000

Data\MODEL\AbandonedBuilding.x
-1330.423096 -748.000000 9983.629883
-1.200000 -0.000000 -0.000000

Data\MODEL\AbandonedBuilding.x
-1631.602783 -907.000000 5016.014648
-1.300000 -1.100000 -0.000000

Data\MODEL\AbandonedBuilding.x
-1293.164185 -6.000000 -1681.759521
0.200000 1.600000 -0.000000

Data\MODEL\AbandonedBuilding.x
-985.399475 -14.000000 -4012.341553
-0.700000 1.600000 -0.000000

Data\MODEL\AbandonedBuilding.x
-6331.631836 -35.000000 4999.663574
-0.000000 1.600000 -0.000000

Data\MODEL\AbandonedBuilding.x
-11323.261719 -2997.000000 483.174103
-0.000000 1.600000 -0.000000

Data\MODEL\AbandonedBuilding.x
-1762.358887 -539.000000 12249.178711
-0.400000 0.000000 -2.000000

Data\MODEL\AbandonedBuilding.x
6483.037109 -4188.000000 8040.360352
-0.400000 0.600000 -1.600000


0.000000 0.000000 0.000000
0.000000 0.000000 0.000000


0.000000 0.000000 0.000000
0.000000 0.000000 0.000000


0.000000 0.000000 0.000000
0.000000 0.000000 0.000000


0.000000 0.000000 0.000000
0.000000 0.000000 0.000000


0.000000 0.000000 0.000000
0.000000 0.000000 0.000000


0.000000 0.000000 0.000000
0.000000 0.000000 0.000000


0.000000 0.000000 0.000000
0.000000 0.000000 0.000000


0.000000 0.000000 0.000000
0.000000 0.000000 0.000000


0.000000 0.000000 0.000000
0.000000 0.000000 0.000000


0.000000 0.000000 0.000000
0.000000 0.000000 0.000000


0.000000 0.000000 0.000000
0.000000 0.000000 0.000000


0.000000 0.000000 0.000000
0.000000 0.000000 0.000000


0.000000 0.000000 0.000000
0.000000 0.000000 0.000000


0.000000 0.000000 0.000000
0.000000 0.000000 0.000000


0.000000 0.000000 0.000000
0.000000 0.000000 0.000000


0.000000 0.000000 0.000000
0.000000 0.000000 0.000000


0.000000 0.000000 0.000000
0.000000 0.000000 0.000000


0.000000 0.000000 0.000000
0.000000 0.000000 0.000000


0.000000 0.000000 0.000000
0.000000 0.000000 0.000000


0.000000 0.000000 0.000000
0.000000 0.000000 0.000000


0.000000 0.000000 0.000000
0.000000 0.000000 0.000000


0.000000 0.000000 0.000000
0.000000 0.000000 0.000000


0.000000 0.000000 0.000000
0.000000 0.000000 0.000000


0.000000 0.000000 0.000000
0.000000 0.000000 0.000000


0.000000 0.000000 0.000000
0.000000 0.000000 0.000000


0.000000 0.000000 0.000000
0.000000 0.000000 0.000000


0.000000 0.000000 0.000000
0.000000 0.000000 0.000000


0.000000 0.000000 0.000000
0.000000 0.000000 0.000000


0.000000 0.000000 0.000000
0.000000 0.000000 0.000000


0.000000 0.000000 0.000000
0.000000 0.000000 0.000000


0.000000 0.000000 0.000000
0.000000 0.000000 0.000000


0.000000 0.000000 0.000000
0.000000 0.000000 0.000000


0.000000 0.000000 0.000000
0.000000 0.000000 0.000000


0.000000 0.000000 0.000000
0.000000 0.000000 0.000000


0.000000 0.000000 0.000000
0.000000 0.000000 0.000000


0.000000 0.000000 0.000000
0.000000 0.000000 0.000000


0.000000 0.000000 0.000000
0.000000 0.000000 0.000000


0.000000 0.000000 0.000000
0.000000 0.000000 0.000000


0.000000 0.000000 0.000000
0.000000 0.000000 0.000000


0.000000 0.000000 0.000000
0.000000 0.000000 0.000000


0.000000 0.000000 0.000000
0.000000 0.000000 0.000000


0.000000 0.000000 0.000000
0.000000 0.000000 0.000000


0.000000 0.000000 0.000000
0.000000 0.000000 0.000000

