0.000000
0.000000
0.000000
0.000000
0.000000
0.000000
0.000000
0.000000
0.000000
0.000000
0.000000
0.000000
0.000000
0.000000
0.000000
0.000000
0.000000
0.000000
0.000000
0.000000
0.000000
0.000000
0.000000
0.000000
0.000000
0.000000
0.000000
0.000000
0.000000
0.000000
0.000000
0.000000
0.000000
0.000000
0.000000
0.000000
0.000000
0.000000
0.000000
0.000000
0.000000
0.000000
0.000000
0.000000
0.000000
0.000000
0.000000
0.000000
0.000000
0.000000
0.000000
0.000000
0.000000
0.000000
0.000000
0.000000
0.000000
0.000000
0.000000
0.000000
0.000000
0.000000
0.000000
0.000000
0.000000
0.000000
0.000000
0.000000
0.000000
0.000000
0.000000
0.000000
0.000000
0.000000
0.000000
0.000000
0.000000
0.000000
0.000000
0.000000
0.000000
0.000000
0.000000
0.000000
0.000000
0.000000
0.000000
0.000000
0.000000
0.000000
-2.007520
-71.362793
-199.645096
-339.040863
-486.659882
-652.543762
-870.981689
-1125.482300
-1379.982178
-1634.482300
-1872.091919
-2035.899780
-2146.801270
-2133.967773
-1975.909790
-1735.676514
-1506.095093
-1285.316895
-1073.048950
-887.658447
-759.628296
-666.801331
-609.943665
-648.910217
-688.725281
-736.399597
-703.512085
-626.712524
-586.212830
-563.363098
-738.319824
-1154.508667
-1535.443237
-1861.369141
-2061.667236
-1918.279175
-1688.308472
-1462.927490
-1242.510254
-1029.463257
-825.733215
-631.048401
-462.177368
-334.393036
-218.887039
-115.613853
-37.809166
-0.151067
0.000000
0.000000
0.000000
0.000000
0.000000
0.000000
0.000000
0.000000
0.000000
0.000000
0.000000
0.000000
0.000000
0.000000
0.000000
0.000000
0.000000
0.000000
0.000000
0.000000
0.000000
-2.007520
-71.362793
-199.645096
-339.040863
-486.659882
-652.543762
-870.981750
-1125.482300
-1379.982300
-1634.482300
-1888.982300
-2126.592285
-2290.399902
-2401.301270
-2390.801758
-2244.677246
-2015.095581
-1794.317017
-1582.049194
-1392.250366
-1218.782349
-1053.893066
-956.925720
-966.290771
-1013.522705
-1030.734619
-930.198425
-762.515686
-646.341064
-587.012817
-578.667603
-770.245972
-1180.775757
-1556.261353
-1875.252808
-2111.885498
-2113.239990
-1918.279175
-1688.308472
-1462.927490
-1242.510254
-1029.463257
-825.733215
-631.048401
-462.177368
-334.393036
-218.887039
-115.613853
-37.809166
-0.151067
0.000000
0.000000
0.000000
0.000000
0.000000
0.000000
0.000000
0.000000
0.000000
0.000000
0.000000
0.000000
0.000000
0.000000
0.000000
0.000000
0.000000
0.000000
0.000000
-2.007520
-71.362793
-199.645096
-339.040863
-486.659882
-652.543762
-870.981750
-1125.482300
-1379.982300
-1634.482300
-1888.982300
-2143.482910
-2381.091797
-2544.899658
-2658.135254
-2659.568115
-2524.096191
-2303.317871
-2091.050049
-1901.250977
-1727.844238
-1572.463013
-1438.319336
-1378.513672
-1388.912598
-1418.146240
-1292.164307
-1083.746826
-895.927795
-746.365662
-660.717041
-634.127197
-810.150696
-1212.703003
-412.528137
-726.066772
-955.765076
-993.456848
-2113.239990
-1918.279175
-1688.308472
-1462.927490
-1242.510254
-1029.463257
-825.733215
-631.048401
-462.177368
-334.393036
-218.887039
-115.613853
-37.809166
0.000000
0.000000
0.000000
0.000000
0.000000
0.000000
0.000000
0.000000
0.000000
0.000000
0.000000
0.000000
0.000000
0.000000
0.000000
0.000000
0.000000
0.000000
-2.007520
-71.362793
-199.645096
-339.040863
-486.659882
-652.543762
-870.981750
-1125.482300
-1379.982300
-1634.482300
-1888.982300
-2143.482910
-2397.982178
-2635.591064
-2801.733154
-2926.900391
-2938.986572
-2812.317871
-2600.049805
-2410.250977
-2236.844727
-2081.524902
-1961.358276
-1919.321899
-1895.435303
-1858.775146
-1737.584839
-1508.327759
-1284.792847
-1090.499634
-935.529236
-933.209839
-732.431091
-865.610291
-1252.607178
-174.455292
-482.334290
-706.581848
-737.338013
-2163.458740
-2113.239990
-1918.279175
-1688.308472
-1462.927490
-1242.510254
-1029.463257
-825.733215
-631.048401
-462.177368
-334.393036
-218.887039
-115.613853
0.000000
0.000000
0.000000
0.000000
0.000000
0.000000
0.000000
0.000000
0.000000
0.000000
0.000000
0.000000
0.000000
0.000000
0.000000
0.000000
0.000000
-2.007520
-71.362793
-199.645096
-339.040863
-486.659882
-652.543762
-870.981750
-1125.482300
-1379.982300
-1634.482300
-1888.982300
-2143.482910
-2397.982178
-2652.481201
-2892.424561
-3070.499756
-3206.320313
-3227.208740
-3109.050293
-2919.251465
-2745.844727
-2590.524902
-2470.419434
-2442.360352
-2440.712891
-2424.714355
-2272.515381
-2018.987915
-1767.382690
-1541.977661
-1347.293579
-1313.640747
-1313.797363
-1023.875793
-963.913269
-1308.068237
-214.358398
-514.259277
-732.848511
-758.154358
-2177.340088
-2163.458740
-2113.239990
-1918.279175
-1688.308472
-1462.927490
-1242.510254
-1029.463257
-825.733215
-631.048401
-462.177368
-334.393036
-218.887039
0.000000
0.000000
0.000000
0.000000
0.000000
0.000000
0.000000
0.000000
0.000000
0.000000
0.000000
0.000000
0.000000
0.000000
0.000000
0.000000
-2.007520
-71.362793
-199.645096
-339.040863
-486.659882
-652.543762
-870.981750
-1125.482300
-1379.982300
-1634.482300
-1888.982300
-2143.482910
-2397.982178
-2652.481201
-2909.315186
-3161.192139
-3349.919189
-3494.542480
-3523.941650
-3428.251953
-3254.844727
-3099.524902
-2979.419922
-2951.421387
-2963.750977
-2969.990234
-2842.922119
-2613.334717
-2372.344482
-2089.808350
-1856.784790
-1788.022705
-1761.862671
-1731.529907
-1404.462158
-1255.359375
-1406.371582
-269.816528
-554.162415
-764.775085
-784.421143
-2198.156982
-2177.340088
-2163.458740
-2113.239990
-1918.279175
-1688.308472
-1462.927490
-1242.510254
-1029.463257
-825.733215
-631.048401
-462.177399
-334.393036
0.000000
0.000000
0.000000
0.000000
0.000000
0.000000
0.000000
0.000000
0.000000
0.000000
0.000000
0.000000
0.000000
0.000000
0.000000
-2.007520
-71.362785
-199.645081
-339.040863
-486.659882
-652.543762
-870.981750
-1125.482300
-1379.982300
-1634.482300
-1888.982300
-2143.482910
-2397.982178
-2652.481201
-2909.315186
-3178.082275
-3440.611572
-3638.141357
-3791.274902
-3843.143799
-3763.844238
-3608.524414
-3488.418945
-3460.421387
-3472.811523
-3493.029297
-3388.198975
-3183.741455
-2971.159424
-2754.185303
-2498.915283
-2362.751221
-2294.255127
-2242.209473
-2179.752441
-1822.193970
-1635.944946
-1697.814819
-1538.122803
-1779.624390
-1974.681152
-1986.350098
-2224.423584
-2198.156982
-2177.340088
-2163.458740
-2118.943115
-1918.279175
-1688.308472
-1462.927490
-1242.510254
-1029.463257
-825.733215
-631.048401
-462.177399
0.000000
0.000000
0.000000
0.000000
0.000000
0.000000
0.000000
0.000000
0.000000
0.000000
0.000000
0.000000
0.000000
0.000000
-2.007524
-71.362785
-199.645081
-339.040833
-486.659882
-652.543762
-870.981750
-1125.482300
-1379.982300
-1634.482300
-1888.982300
-2143.482910
-3267.982178
-3522.481201
-3779.315186
-4048.082275
-3457.501709
-3728.833252
-3934.121826
-4109.368164
-4177.627930
-4116.415527
-3996.310059
-3968.312012
-3980.703125
-4000.981934
-3910.129150
-3727.910400
-3540.459717
-3351.892334
-3166.651123
-3063.187256
-2962.173096
-2838.729492
-2747.336182
-2658.989258
-2269.307129
-2052.571533
-2077.294189
-2098.460205
-2146.819092
-2299.031982
-2295.145264
-2255.241455
-2223.314697
-2197.048096
-2182.134033
-2177.552979
-2117.834229
-1917.170288
-1687.199585
-1461.818848
-1241.401367
-1028.354492
-824.624390
-629.939575
0.000000
0.000000
0.000000
0.000000
0.000000
0.000000
0.000000
0.000000
0.000000
0.000000
0.000000
0.000000
0.000000
-2.007524
-52.508915
-165.895569
-305.291290
-452.910370
-618.794312
-837.232422
-1091.732788
-1346.233154
-1600.732788
-1855.232544
-2109.732178
-2364.231934
-4098.731445
-4355.564453
-4624.331055
-4903.750977
-3711.973389
-3988.958252
-4201.432129
-4381.607422
-4464.565430
-4435.959961
-4382.276367
-4394.516602
-4414.793457
-4324.004395
-4155.762207
-3990.550049
-3827.112061
-3670.278564
-3636.846436
-3572.998779
-3471.987061
-3344.074463
-3197.726563
-3070.029785
-2654.462158
-2405.601074
-2399.832764
-2383.854248
-2361.927490
-2335.897705
-2289.167236
-2233.707275
-2193.804443
-2167.781006
-2151.013916
-2139.497314
-2116.115479
-2056.396729
-1855.732788
-1625.762085
-1400.381836
-1179.963867
-966.917603
-763.187378
0.000000
0.000000
0.000000
0.000000
0.000000
0.000000
0.000000
0.000000
0.000000
0.000000
0.000000
0.000000
-2.007524
-42.565910
-122.724403
-219.190536
-350.156250
-516.040039
-734.478088
-988.978271
-1243.479248
-1497.978638
-1752.478149
-2006.978149
-2261.477783
-2515.977539
-4252.810547
-4521.577148
-4800.997070
-5089.218750
-3903.093994
-4186.348145
-4403.695801
-4590.264160
-4681.684082
-4661.134766
-4595.721680
-4578.339844
-4487.399902
-4319.221191
-4157.983887
-4016.784424
-3885.083740
-3880.055420
-3896.240967
-3832.397217
-3731.384521
-3603.469971
-3452.653564
-3270.009766
-2815.088379
-2540.340576
-2502.449463
-2484.778076
-2454.979736
-2367.837158
-2144.621338
-2046.318604
-1996.761841
-1966.359497
-1943.932861
-1926.966675
-1896.649170
-1873.265015
-1813.549438
-1612.884155
-1382.912964
-1157.532227
-937.114624
-724.067932
0.000000
0.000000
0.000000
0.000000
0.000000
0.000000
0.000000
0.000000
0.000000
0.000000
0.000000
-1.813344
-40.892494
-100.743729
-168.748474
-251.868271
-374.471863
-576.256409
-830.756714
-1085.257080
-1339.757935
-1594.257202
-1848.756714
-2103.256348
-2357.756104
-2614.590088
-4363.355469
-4642.775391
-4930.997070
-5224.872070
-4045.017334
-4333.404297
-4554.662109
-4740.684082
-4843.927246
-4834.919434
-4751.923340
-4583.330078
-4377.491699
-4226.165527
-2758.944580
-2649.478760
-2669.584717
-2704.174561
-4050.363525
-3986.519775
-3885.505127
-3757.590088
-3606.776367
-3419.664307
-2909.795654
-2595.886475
-2562.386963
-2552.226318
-2515.200928
-2412.487061
-2126.756592
-1857.867920
-1769.064331
-1723.105225
-1692.702148
-1670.075317
-1634.305786
-1603.988647
-1580.608887
-1520.891724
-1320.226440
-1090.255737
-864.874573
-647.314514
0.000000
0.000000
0.000000
0.000000
0.000000
0.000000
0.000000
0.000000
0.000000
0.000000
0.000000
0.000000
-18.638979
-66.477753
-126.593521
-203.269852
-354.476868
-565.697021
-803.543518
-1058.043701
-1312.544312
-1567.044800
-1821.544067
-2076.043701
-2332.877686
-2601.643799
-3491.062256
-3779.283447
-4073.157959
-4373.303711
-4068.581299
-4363.640137
-4597.280762
-4794.089355
-4891.068848
-4877.668945
-4671.373047
-4399.919434
-4170.939941
-4006.191162
-2570.485107
-2612.825928
-2672.550537
-2707.139893
-4053.328369
-3989.482666
-3888.467773
-3760.555664
-3609.741943
-3422.628662
-2910.299561
-2610.604248
-2617.117920
-2604.195557
-2551.160889
-2442.666748
-2149.646240
-1821.838623
-1556.547852
-1467.744873
-1421.785156
-1391.179321
-1349.752563
-1313.987671
-1283.670654
-1260.288818
-1200.571411
-999.906006
-772.792480
-566.468323
0.000000
0.000000
0.000000
0.000000
0.000000
0.000000
0.000000
0.000000
0.000000
0.000000
0.000000
0.000000
0.000000
-18.638979
-75.001831
-182.679398
-339.458557
-526.727600
-737.947388
-975.794128
-1230.294556
-1484.794800
-1739.295044
-1996.128540
-2264.895020
-2544.313721
-2832.534912
-3126.409912
-3426.554443
-3731.832275
-4043.782715
-4351.224121
-4615.846680
-4821.793945
-4905.206055
-4745.023438
-4449.058105
-4182.376465
-3959.758057
-3791.323486
-2457.444092
-2539.184814
-2598.908447
-2633.499512
-3979.689697
-3915.843018
-3814.831055
-3686.916260
-3536.103760
-3350.997314
-2906.016357
-2660.781006
-2642.097412
-2627.244385
-2570.342041
-2457.180908
-2167.754639
-1826.757935
-1498.947266
-1233.656006
-1144.850220
-1098.690308
-1049.288696
-1007.862488
-972.095581
-941.778320
-918.396362
-861.537476
-679.928101
-480.272980
0.000000
0.000000
0.000000
0.000000
0.000000
0.000000
0.000000
0.000000
0.000000
0.000000
0.000000
0.000000
0.000000
-1.074175
-55.677307
-154.447327
-279.102478
-435.881714
-623.150452
-834.370483
-1072.217285
-1325.129761
-1583.552124
-1852.318604
-2131.737061
-2419.958008
-2713.832764
-3013.977539
-3319.254883
-3631.204590
-3955.537354
-4302.321777
-4589.757813
-4792.659668
-4739.937988
-4471.288574
-4151.242676
-3904.145264
-3716.181885
-3673.143799
-2339.217041
-2370.978760
-2430.480957
-2465.075195
-3801.263184
-3737.419189
-3636.406494
-3508.492432
-3359.687744
-3241.927490
-2855.874268
-2621.751221
-2606.823975
-2572.853271
-2536.814697
-2446.332764
-2156.907471
-1815.910034
-1474.905273
-1147.099121
-881.804504
-792.801941
-727.840759
-678.439331
-637.013428
-601.247314
-573.787781
-569.464111
-540.061279
-381.125946
0.000000
0.000000
0.000000
0.000000
0.000000
0.000000
0.000000
0.000000
0.000000
0.000000
0.000000
0.000000
0.000000
0.000000
-4.468880
-63.884087
-162.654083
-287.309174
-444.088440
-631.357117
-840.969238
-1076.670410
-1348.282715
-1628.866943
-1919.166016
-2213.039795
-2513.184570
-2818.462158
-3130.412109
-3454.744141
-3825.784668
-4201.000488
-4484.045898
-4561.210938
-4418.050293
-4140.979004
-3819.133545
-3577.837158
-3529.405029
-3513.752686
-3483.416748
-3465.513184
-3475.033691
-3509.411865
-3515.601318
-3451.756348
-3350.744385
-3224.837646
-3143.379150
-3084.545654
-3179.603271
-2953.705322
-2957.046631
-2978.138916
-2506.941162
-2416.456787
-2127.031006
-1786.032837
-1445.029297
-1104.029663
-776.220703
-510.730164
-402.926727
-337.968109
-288.565643
-249.996857
-233.288269
-233.286453
-251.634186
-256.477478
0.000000
0.000000
0.000000
0.000000
0.000000
0.000000
0.000000
0.000000
0.000000
0.000000
0.000000
0.000000
0.000000
0.000000
0.000000
-4.468880
-63.884087
-162.654099
-287.309174
-442.480499
-625.249146
-833.491455
-1080.028320
-1357.024292
-1658.706665
-1965.292725
-2270.590576
-2582.540039
-2906.873047
-3277.912354
-3688.279053
-4062.758057
-4218.498535
-4203.878418
-4062.732178
-3803.740479
-3502.736572
-3379.586670
-3329.684814
-3301.752197
-3259.184326
-3214.871094
-3174.729492
-3159.126709
-3165.096191
-3101.251709
-3002.245850
-2943.685303
-2921.154541
-1403.429688
-1756.716553
-1549.083130
-1610.880371
-3141.632568
-2420.436768
-2329.950928
-2040.524292
-1699.526733
-1358.527588
-1017.525024
-678.856812
-363.027588
-92.387802
4.705083
66.807549
97.153595
108.262909
102.298996
68.055283
-49.157654
0.000000
0.000000
0.000000
0.000000
0.000000
0.000000
0.000000
0.000000
0.000000
0.000000
0.000000
0.000000
0.000000
0.000000
0.000000
0.000000
-4.468880
-63.884094
-161.046143
-281.201263
-432.892426
-609.669373
-816.875122
-1061.589233
-1347.722412
-1668.062378
-1987.941162
-2316.544678
-2687.584229
-3097.950439
-3528.858887
-3885.895020
-3981.990479
-3964.003174
-3838.188721
-3609.520264
-3445.974365
-3336.395264
-3252.832764
-3183.814209
-3128.966797
-3072.420410
-3005.873779
-2940.605225
-2896.594238
-2834.537842
-2802.878662
-2803.246338
-2791.823486
-1422.328613
-1793.877441
-1644.701416
-1746.156128
-3136.908936
-2415.714600
-2325.229248
-2035.801514
-1694.805054
-1353.805420
-1015.139465
-688.407349
-372.126434
-56.950226
196.377380
266.181732
300.824585
308.496033
285.360596
180.533875
46.065987
0.000000
0.000000
0.000000
0.000000
0.000000
0.000000
0.000000
0.000000
0.000000
0.000000
0.000000
0.000000
0.000000
0.000000
0.000000
0.000000
0.000000
-2.860958
-57.776169
-151.458054
-265.601685
-408.362885
-585.641602
-789.828064
-1042.249023
-1341.668457
-1680.003052
-2069.961426
-2487.922852
-2918.832520
-3363.202881
-3776.883789
-4035.540527
-4061.233643
-3956.881104
-3860.731689
-3722.827393
-3598.899658
-3489.289307
-3386.607666
-3290.674561
-3221.850342
-3143.072021
-3051.393066
-2959.725830
-2915.036865
-2942.085693
-2953.560791
-2950.363525
-1599.137451
-2029.143433
-1919.625122
-2021.081299
-3411.832764
-2690.638428
-2600.154053
-2310.726318
-1969.728760
-1631.060303
-1304.330200
-988.249023
-680.771484
-363.003113
-78.807793
135.658600
178.183167
178.580490
87.389717
-35.968185
-159.020493
0.000000
0.000000
0.000000
0.000000
0.000000
0.000000
0.000000
0.000000
0.000000
0.000000
0.000000
0.000000
0.000000
0.000000
0.000000
0.000000
1.607927
6.107927
6.727127
-42.176552
-126.908554
-233.660538
-375.727234
-552.247620
-762.972046
-1026.235107
-1387.890747
-1822.752686
-2278.666016
-2733.760010
-3192.135498
-3619.112793
-3943.714600
-4151.778809
-4201.259766
-4126.715820
-3976.077393
-3838.175049
-3714.215088
-3585.484619
-3455.893799
-3345.983887
-3254.925049
-3153.020020
-3102.287842
-3066.862793
-3055.040771
-3074.522217
-3089.590576
-1796.825195
-1796.489258
-1686.972168
-1788.427490
-3179.178955
-2927.985596
-2837.499756
-2548.071533
-2209.408447
-1882.673462
-1566.594360
-1259.315674
-960.348267
-665.050659
-386.144867
-136.426636
32.040066
-24.762327
-124.587578
-234.002365
-233.631561
0.000000
0.000000
0.000000
0.000000
0.000000
0.000000
0.000000
0.000000
0.000000
0.000000
0.000000
0.000000
0.000000
0.000000
0.000000
1.607927
6.107927
11.196011
21.707541
31.276627
-10.215567
-86.359779
-194.678055
-334.816956
-515.327576
-775.995972
-1121.532104
-1541.428711
-2017.549927
-2511.262695
-2993.670654
-3441.279785
-3788.460938
-4162.981445
-4396.432129
-4337.967773
-4169.316406
-4018.676270
-3880.744873
-3737.668701
-3582.030518
-3438.458740
-3308.320801
-3261.481689
-3257.444824
-3206.718262
-3153.459717
-3141.226318
-3214.532959
-3431.428955
-3181.093018
-3071.574463
-3173.029541
-3093.781006
-3092.586670
-3002.101318
-2715.010010
-2388.280029
-2072.197998
-1764.918945
-1466.149902
-1189.651855
-910.744751
-649.926514
-424.319794
-290.823883
-229.455429
-312.732513
-290.199249
-198.462372
0.000000
0.000000
0.000000
0.000000
0.000000
0.000000
0.000000
0.000000
0.000000
0.000000
0.000000
0.000000
0.000000
0.000000
1.607927
6.107927
11.196011
21.707541
35.745510
53.668526
71.845398
36.680195
-39.860912
-143.703796
-323.137024
-565.122131
-854.852661
-1222.947632
-1668.046387
-2166.541260
-2690.588379
-3164.097412
-3633.036621
-4040.239014
-4310.026367
-4395.915527
-4243.344727
-4074.693115
-3924.027588
-3766.977783
-3596.988525
-3429.376221
-3332.921631
-3303.927490
-3298.721191
-3243.985107
-3182.580811
-3179.141846
-3242.129639
-3318.808838
-3068.472412
-2958.954834
-3060.409424
-3121.161865
-3119.966064
-3031.814209
-2756.656494
-2440.575928
-2133.298584
-1834.529297
-1558.229248
-1298.121582
-1037.301636
-811.697876
-678.199280
-585.090454
-499.869934
-335.317810
-230.136932
-141.961700
0.000000
0.000000
0.000000
0.000000
0.000000
0.000000
0.000000
0.000000
0.000000
0.000000
0.000000
0.000000
0.000000
1.607927
6.107927
11.196011
21.707541
35.745510
53.668526
76.314278
100.584206
126.257484
93.243095
-14.126727
-179.896317
-392.990784
-650.155762
-965.564087
-1350.658325
-1813.549561
-2344.142822
-2975.884277
-3491.302979
-3893.055908
-4155.907715
-4278.133789
-4269.914551
-4117.345703
-3948.668213
-3778.883057
-3596.925537
-3482.312256
-3418.735596
-3367.189209
-3329.121826
-3280.372803
-3265.194092
-3275.002197
-3288.326660
-3315.025879
-3064.472412
-2954.954346
-3056.408936
-3117.160400
-3118.300537
-3042.080322
-2777.575439
-2470.294678
-2171.529541
-1895.231934
-1635.324951
-1393.304077
-1167.697510
-1034.200317
-941.090942
-855.867798
-659.578918
-385.897491
-160.961609
-96.803291
0.000000
0.000000
0.000000
0.000000
0.000000
0.000000
0.000000
0.000000
0.000000
0.000000
0.000000
0.000000
1.607927
6.107927
11.196011
21.707541
35.745510
53.668526
76.314278
100.584206
130.746277
165.060379
157.580109
71.104614
-70.378403
-255.926865
-487.319794
-761.959534
-1095.044556
-1513.138916
-2125.992188
-2791.403564
-3338.750977
-3751.322266
-4008.723877
-4123.860352
-4152.135742
-4143.918457
-3991.318604
-3805.528564
-3678.183838
-3608.524170
-3541.708252
-3472.338135
-3418.874756
-3387.496826
-3399.699219
-3397.275146
-3384.187988
-3361.227783
-3060.691162
-2950.954834
-3052.408936
-3115.494873
-3128.566650
-3063.002197
-2807.295654
-2508.528564
-2232.229736
-1972.324951
-1730.506836
-1523.700195
-1390.201904
-1297.091309
-1211.869385
-1015.577820
-741.898315
-485.222351
-252.563080
-81.704521
0.000000
0.000000
0.000000
0.000000
0.000000
0.000000
0.000000
0.000000
0.000000
0.000000
0.000000
1.607927
6.107927
11.196011
21.707541
35.745510
53.668526
76.314278
100.584206
130.746277
165.080292
169.982208
148.510513
115.382462
8.676099
-155.704254
-351.348938
-600.893433
-906.744812
-1261.811401
-1720.232056
-2339.095703
-2876.957764
-3328.197754
-3598.583740
-3703.330811
-3728.852295
-3758.816162
-3752.571289
-3650.206787
-3563.778076
-3492.495361
-3419.933838
-3354.481201
-3333.428467
-3308.048584
-3279.164551
-3264.468018
-3239.148193
-3189.774902
-2839.576660
-2679.857422
-2783.426025
-2858.442627
-2882.166260
-2825.397705
-2578.197998
-2301.902100
-2041.997314
-1800.178467
-1593.575073
-1478.881226
-1385.776123
-1300.555420
-1104.264160
-830.583374
-573.908203
-341.248474
-140.322357
-91.204498
0.000000
0.000000
0.000000
0.000000
0.000000
0.000000
0.000000
0.000000
0.000000
0.000000
1.607927
6.107927
11.196011
21.707541
35.745510
53.668526
76.314278
100.584206
130.746277
165.080292
170.002106
156.443710
133.373108
100.136032
43.658772
-77.742706
-252.896347
-480.226868
-751.638428
-1068.651245
-1432.376709
-1853.652466
-2350.264160
-2795.375732
-3099.382813
-3217.598389
-3238.027832
-3267.860596
-3367.147705
-3468.061035
-3408.824463
-3327.754639
-3260.721924
-3239.753174
-3244.010010
-3192.582275
-3130.033447
-3074.250000
-3036.652832
-2975.045654
-2598.435303
-2391.388916
-2456.909912
-2542.359131
-2574.885498
-2526.625244
-2301.902100
-2041.997314
-1800.178467
-2923.573975
-2809.079834
-2734.775146
-2649.554932
-1123.264038
-849.583008
-592.908325
-360.248993
-159.322388
-110.204437
-100.704453
0.000000
0.000000
0.000000
0.000000
0.000000
0.000000
0.000000
0.000000
0.000000
1.607928
6.107928
11.196011
21.707542
35.745510
53.668526
76.314278
100.584206
130.746277
165.080292
170.002106
156.463623
141.306274
113.657776
75.703621
27.319103
-44.529911
-190.239044
-387.734558
-626.110657
-907.084045
-1229.216919
-1561.096191
-1863.475830
-2262.292480
-2560.653564
-2717.789063
-2754.302734
-2846.391357
-3002.467041
-3152.678467
-3246.015625
-3199.289307
-3172.701416
-3178.654541
-3168.939209
-3103.165283
-3014.570068
-2925.121338
-2846.433105
-2772.550537
-2386.042236
-2164.515869
-2191.023193
-2235.298096
-2276.112061
-2250.328857
-2041.997314
-1800.178467
-1593.575073
-2809.079834
-2734.974854
-2668.554932
-2472.263428
-868.582764
-611.908081
-379.249207
-178.322388
-129.204315
-119.704330
-110.204437
0.000000
0.000000
0.000000
0.000000
0.000000
0.000000
0.000000
0.000000
1.607928
6.107928
11.196011
21.707542
35.745510
53.668526
76.314278
100.584206
130.746277
165.080276
170.002106
156.463623
141.326187
121.590950
89.225365
54.895031
1.116838
-76.173691
-162.986603
-320.216064
-527.157043
-771.556396
-1062.948364
-1356.593384
-1564.530640
-1769.597412
-2026.959351
-2181.066650
-2323.849121
-2488.941895
-2651.039063
-4027.333252
-4177.121094
-4327.296387
-4350.744141
-3118.687256
-3096.234619
-3016.483643
-2913.540283
-2798.044678
-2685.697998
-2573.054443
-2186.204590
-1963.099609
-1972.000732
-1975.118042
-1988.426025
-1978.818115
-1788.572021
-1581.969116
-1467.473389
-2723.364990
-2657.144775
-2479.653564
-2205.973145
-619.296997
-386.638428
-185.712585
-136.594604
-127.094612
-117.594620
-108.094635
0.000000
0.000000
0.000000
0.000000
0.000000
0.000000
0.000000
1.607928
6.107928
11.196011
21.707542
37.633774
55.948357
76.314285
100.584206
130.746277
165.080276
170.002106
156.463623
141.326202
121.610863
97.158546
68.416779
28.692738
-34.995853
-108.336685
-189.769501
-286.502258
-449.639130
-667.900879
-926.077576
-1183.934570
-1354.119263
-1470.040771
-1536.271606
-1716.728760
-1913.402100
-2128.526855
-2312.926270
-3702.394775
-3902.594482
-4127.018555
-4291.019043
-3069.337646
-3028.873291
-2936.388428
-2819.468994
-2689.626709
-2553.566650
-2419.195557
-2001.907104
-1775.325073
-1780.378174
-1779.682251
-1759.720581
-1718.217773
-1562.969238
-1448.473022
-1374.366089
-2638.145264
-2460.853516
-2205.973145
-1949.296997
-386.638428
-185.712585
-136.594604
-127.094612
-117.594620
-108.094635
-98.594711
0.000000
0.000000
0.000000
0.000000
0.000000
0.000000
1.607928
6.107928
11.196011
21.707542
37.633774
61.703827
86.094124
102.864029
130.746277
165.080276
170.002106
156.463623
141.326187
121.610863
97.178459
76.349953
42.214466
-7.419934
-67.158768
-139.588409
-215.470703
-303.285278
-411.223846
-589.039917
-816.032043
-1041.155151
-1180.850220
-1261.636719
-1297.806152
-1352.314087
-1519.103394
-1737.416992
-1979.000732
-3435.100586
-3666.272461
-3888.555908
-4090.740967
-3009.612305
-2979.523682
-2869.027588
-2739.374268
-2597.890381
-2459.412354
-2309.643799
-1867.495728
-1605.479614
-1614.634277
-1624.698364
-1598.761719
-1540.206543
-1429.539795
-1355.366089
-1289.145386
-1111.854126
-857.172852
-619.296997
-386.638428
-185.712585
-136.594604
-127.094612
-117.594620
-108.094635
-98.594711
-89.094704
0.000000
0.000000
0.000000
0.000000
0.000000
1.607928
6.107928
11.196011
21.707542
37.633774
61.703827
91.849602
119.248772
145.132751
167.360107
170.002106
156.463623
141.326187
121.610863
97.178459
76.369865
50.147633
6.101795
-39.582806
-98.410538
-165.289734
-236.722580
-324.285583
-426.664001
-544.234253
-731.261780
-930.500000
-1040.078491
-1130.830688
-1177.254028
-1175.500000
-1174.025146
-1369.605713
-1658.708130
-3189.791016
-3435.039307
-3652.233643
-3852.278564
-2809.334229
-2919.798340
-2819.677979
-2674.347900
-2532.061768
-2390.260010
-2234.942139
-1772.398560
-1482.992920
-1466.154175
-1487.408691
-1481.218994
-1445.138062
-1348.973755
-1270.212769
-1092.854126
-838.172607
-600.496338
-386.638428
-185.712585
-136.594604
-127.094612
-117.594620
-108.094635
-98.594711
-89.094704
-79.594635
0.000000
0.000000
0.000000
0.000000
1.607929
6.107928
11.196012
21.707542
37.633774
61.703827
91.849602
125.004250
161.898987
192.663376
186.990753
158.743454
141.326172
121.610863
97.178459
76.369865
50.167519
14.034942
-26.061054
-70.834557
-124.111816
-186.541626
-257.722809
-344.194489
-441.273560
-553.765381
-685.846436
-847.693115
-968.768188
-1055.481934
-1084.717529
-1069.426758
-1023.699158
-1095.346802
-1379.513184
-1685.560669
-1969.729858
-2201.000732
-2395.956543
-2570.871826
-2719.519775
-2762.287598
-2639.264404
-2489.619873
-2343.886475
-2180.241455
-1709.621826
-1399.304688
-1359.757935
-1371.868774
-1387.336304
-1375.031494
-1285.810913
-1086.461548
-819.239380
-581.496338
-367.838409
-185.712585
-136.594604
-127.094612
-117.594620
-108.094635
-98.594711
-89.094704
-79.594635
-70.094666
0.000000
0.000000
0.000000
1.607931
6.107931
11.196014
21.707544
37.633774
61.703827
91.849594
125.004250
167.654434
209.429611
215.987915
196.059387
161.916656
125.785477
99.073235
78.264709
53.472580
17.427265
-14.755498
-53.940357
-93.163406
-141.991241
-204.169220
-274.259308
-355.431396
-451.900909
-564.392761
-692.005127
-813.832520
-928.216125
-1001.569946
-1006.570557
-991.437927
-985.072266
-1030.264526
-1137.943481
-1402.993042
-1682.126831
-1952.318481
-2161.351563
-2331.177490
-2480.020752
-2572.903076
-2601.085938
-2470.619873
-2312.529053
-2142.419189
-1662.957886
-1344.963257
-1291.751953
-1293.458618
-1315.752197
-1311.333130
-1111.041626
-833.359375
-573.626221
-348.838837
-166.913635
-136.594604
-127.094612
-117.594620
-108.094635
-98.594711
-89.094704
-79.594635
-70.094666
-60.594643
0.000000
0.000000
1.607931
6.107931
11.196014
21.707544
37.633774
61.703831
91.849594
125.004250
167.654434
215.185059
248.032303
263.289520
251.396729
212.675995
165.743393
128.519165
107.880669
93.825935
74.202988
42.998753
9.364429
-25.409229
-73.985428
-135.072052
-199.862396
-280.425201
-376.894897
-489.386780
-616.998901
-734.357117
-812.433777
-875.632446
-875.549072
-880.369812
-909.770752
-941.961182
-987.227783
-1075.789551
-1313.925537
-1579.081421
-1827.035156
-2013.272827
-2168.957764
-2270.354248
-2345.523682
-2361.262695
-2219.817627
-2036.831299
-1551.307373
-1231.717529
-1197.405884
-1212.220337
-1220.340698
-1097.010254
-819.328003
-558.652710
-329.839355
-147.913696
-117.795639
-127.094612
-117.594620
-108.094635
1091.405273
1100.905273
1110.405396
1119.905273
-60.594643
-51.094715
0.000000
0.000000
1.845165
6.933250
17.444778
33.371014
57.441067
87.586830
120.741486
163.391663
210.922287
259.432648
297.337402
317.815918
318.347687
282.802094
242.151245
198.589691
169.061218
157.618622
148.424484
135.243378
106.125603
71.604095
24.119272
-31.668367
-95.848976
-176.411285
-272.881287
-385.373199
-512.985352
-630.343445
-703.951233
-739.215210
-757.059570
-775.938110
-802.529114
-834.502991
-869.791077
-896.066406
-957.714783
-1180.264893
-1422.862427
-1659.952759
-1840.367432
-1945.412842
-2024.158813
-2084.353516
-2088.595703
-1922.659058
-1431.503662
-1142.335327
-1129.561035
-1137.045044
-1016.982727
-800.328125
-539.652771
-310.839417
-128.913574
-98.795486
-108.295532
-117.594620
-108.094635
-98.594711
1100.905273
1110.405396
1119.905273
1129.405396
-51.094715
-41.594807
0.000000
0.000000
0.000000
1.845165
14.873960
38.944019
69.089760
102.244438
144.894638
192.425247
244.486588
301.255096
345.727448
368.232239
369.124634
357.418732
333.136414
289.324463
253.828278
229.160721
224.179413
224.965164
208.572098
175.208878
133.023285
77.845634
13.664384
-66.897758
-163.367264
-275.859497
-403.471710
-520.829773
-594.437500
-629.545776
-647.128052
-663.196472
-688.015442
-719.989197
-756.832947
-773.130005
-770.883972
-816.389038
-1027.486694
-1261.527344
-1485.884766
-1607.715088
-1687.708496
-1753.906494
-1803.755005
-1790.755493
-1356.685669
-1088.218262
-1071.072876
-952.047791
-737.266296
-520.652771
-291.839447
-109.913506
-79.795441
-89.295464
-98.795486
-108.094635
-98.594711
-89.094704
1110.405396
1119.905273
1129.405396
1138.905273
-41.594807
-32.094830
0.000000
0.000000
0.000000
1.888263
9.880468
29.470409
62.604336
105.254532
152.785126
204.846481
265.780884
333.489655
381.554535
406.127197
420.460968
422.309052
428.317078
392.204803
348.178558
319.143707
304.475891
304.175964
298.391785
282.800690
241.292114
186.114090
121.933128
41.370514
-55.098640
-167.590851
-295.203064
-412.561432
-486.168945
-520.859375
-535.631531
-549.927979
-574.747192
-606.721069
-643.564697
-659.808594
-644.752869
-636.997620
-676.927612
-877.018433
-1085.623535
-1238.931396
-1337.586914
-1408.593384
-1472.464844
-1545.104614
-1290.920776
-1045.567871
-899.442871
-689.019592
-475.485413
-272.839417
-90.913467
-60.795364
-70.295410
-79.795441
-89.295464
-98.594711
-89.094704
-79.594635
1119.905273
1129.405396
1138.905273
1148.405273
-32.094830
-22.594769
0.000000
0.000000
1.888263
8.035301
15.535301
26.265209
50.843277
91.996994
144.058273
204.992661
272.804474
342.806366
409.995453
455.860107
486.487885
508.227875
527.337524
508.152283
470.293732
436.267059
411.933624
398.589081
396.766418
391.302368
362.266663
307.156189
242.974930
162.412186
65.943008
-46.549080
-174.160995
-291.519348
-364.708984
-396.589996
-409.589813
-423.886108
-448.705109
-480.678741
-515.914246
-529.266357
-515.178406
-494.111328
-476.522552
-504.967865
-685.309387
-826.075623
-952.273865
-1043.605957
-1152.320313
-1265.927124
-1071.216553
-856.043213
-644.935425
-439.573944
-244.179962
-71.913307
-41.795242
-51.295372
-60.795364
-70.295410
-79.795441
-89.094704
-79.594635
-70.094666
-60.594643
-51.094715
-41.594807
-32.094830
-22.594769
-13.094729
0.000000
0.000000
8.035301
15.535301
24.420046
36.908165
51.949951
80.547836
132.211182
200.022873
270.024872
343.359955
419.554108
492.868958
550.206665
587.788208
614.422302
605.819885
588.417542
555.260437
522.576965
504.613770
489.264740
482.463196
462.945068
420.307343
356.193604
275.630707
179.161072
66.669319
-60.942940
-177.882950
-248.263046
-278.371307
-291.371124
-305.667755
-330.486633
-360.852325
-393.195770
-405.959869
-386.448425
-362.526825
-329.975250
-297.431824
-315.603699
-437.104828
-556.233521
-716.105957
-869.196289
-1001.481628
-821.870850
-616.796082
-410.280731
-217.821045
-52.913246
-22.795242
-32.295219
-41.795242
1428.704590
1419.204590
1409.704590
1400.405396
-70.094666
-60.594643
-51.094715
-41.594807
-32.094830
-22.594769
-13.094729
-3.594748
0.000000
0.000000
15.535301
24.420046
36.908165
50.104790
66.612717
89.170204
123.822716
183.101639
256.436646
338.386444
423.102203
510.095093
594.430542
646.354614
686.311340
690.562561
680.716187
660.585632
633.818970
607.024292
581.757446
560.819763
539.963867
506.843994
455.202972
374.718811
278.267120
165.787598
38.615273
-75.487297
-144.065475
-174.139206
-187.094131
-201.343613
-224.505936
-251.933319
-283.634003
-290.925934
-266.962311
-235.938416
-197.526260
-154.297821
-113.475456
-88.974060
-234.912674
-414.353363
-603.017456
-752.362183
-584.828125
-394.062866
-207.044388
-39.530449
-0.822347
-10.180022
-22.788013
-32.295219
1438.204834
1428.704590
1419.204590
1409.905273
-60.594643
-51.094715
-41.594807
-32.094830
-22.594769
-13.094729
-3.594748
0.000000
0.000000
0.000000
24.420046
36.908165
50.104790
66.612717
87.325043
109.825050
134.170212
169.081284
240.284805
330.756287
428.759613
523.821655
609.467773
685.870728
745.499084
762.093201
763.924866
749.436401
733.874390
707.697327
672.989319
642.133972
607.142273
572.684448
532.345337
466.076843
370.244965
258.340912
134.188293
22.068201
-46.301308
-76.176735
-88.949951
-101.418892
-121.533104
-148.211914
-174.349335
-177.113815
-145.989777
-107.642792
-69.426277
-21.059439
33.879795
59.068260
26.299677
-153.226242
-339.105042
-513.609497
-357.347992
-182.122223
-27.011465
7.482554
13.749839
14.074276
-3.913965
-18.199648
1447.704834
1438.204834
1428.704590
1419.405396
-51.094715
-41.594807
-32.094830
-22.594769
-13.094729
-3.594748
0.000000
0.000000
0.000000
0.000000
36.908165
50.104790
66.612717
87.325043
109.825050
132.325043
154.870377
182.473770
226.669601
318.233124
424.305756
520.287964
611.484253
694.526855
777.654419
812.745056
828.546692
821.272217
805.154297
789.572388
755.481995
715.185547
670.275757
626.343201
588.063965
532.741150
451.002747
342.580383
220.389374
108.498917
40.362911
10.690710
-0.290894
-9.699151
-29.065207
-50.189011
-71.796661
-67.388855
-28.935694
9.225023
52.958866
105.329147
130.154770
134.261673
127.936935
77.017799
-113.592270
-278.998535
-139.787140
16.316477
44.860142
31.033213
33.555653
36.604641
28.916269
8.026898
1465.269775
1451.489258
1438.204834
1428.905273
-41.594807
-32.094830
-22.594769
-13.094729
-3.594748
0.000000
0.000000
0.000000
0.000000
0.000000
50.104790
66.612717
87.325043
109.825050
132.325043
154.870377
180.628616
212.458694
254.175369
310.532623
405.004517
506.536987
603.982422
691.595764
780.187744
840.404663
870.238281
870.736145
861.222534
845.084656
821.589355
781.910522
732.312683
683.549438
634.581482
580.272583
512.341919
419.399200
297.899689
186.221970
118.310654
90.464905
82.565186
73.915932
60.117523
43.523178
29.079561
40.818874
79.097939
122.782082
170.528580
193.163864
197.896042
196.570892
181.201096
153.656204
105.452911
-64.378517
69.731972
99.232338
87.806404
75.697624
65.064499
64.986397
58.799126
45.301125
20.793531
1.190794
-20.856455
-41.571781
-32.094830
-22.594769
-13.094729
-3.594748
0.000000
0.000000
0.000000
0.000000
0.000000
0.000000
66.612717
87.325043
109.825050
132.325043
154.870377
180.628616
212.458694
252.330185
296.321289
342.166473
392.777161
481.074585
583.090820
675.046082
768.597717
829.814575
878.577026
892.497070
891.148499
881.222290
857.548157
833.272522
788.947144
734.311035
679.437256
617.301880
551.770935
469.845886
362.077240
251.085815
184.979904
160.237656
153.131958
150.071594
140.813416
131.395905
124.283722
135.840607
179.645432
227.354202
245.371902
247.923111
247.601883
238.219772
214.348328
191.558334
170.191895
128.951385
140.796432
138.189621
134.581665
124.631905
116.334686
102.609543
91.624901
84.481232
70.204353
47.442589
14.195133
-20.189920
-22.571743
-13.094737
-3.594751
0.000000
0.000000
0.000000
0.000000
0.000000
0.000000
0.000000
87.325043
109.825050
132.325043
154.870377
180.628616
212.458694
252.330185
296.321289
340.321320
384.321320
426.210785
471.929382
558.192200
650.686768
739.445557
798.814392
847.967468
881.487671
900.089539
892.995850
882.626709
860.878601
828.945068
778.506409
720.621765
653.966492
577.818909
496.544891
399.788574
304.120728
241.579666
217.610840
216.115753
217.630615
215.570648
213.495316
206.213394
223.295670
271.116974
289.099121
287.044678
284.548645
276.179871
258.674683
240.546295
212.717361
183.963303
167.853897
163.475189
168.488708
2121.477051
2117.701172
2111.682861
2103.043457
137.935593
129.443573
120.112511
102.203445
60.921673
14.861758
-1.189835
-3.571726
0.000000
0.000000
0.000000
0.000000
0.000000
0.000000
0.000000
0.000000
109.825050
132.325043
154.870377
180.628616
212.458694
252.330185
296.321289
340.321320
384.321320
430.121155
474.484161
513.664612
553.928406
626.686768
715.086121
769.662231
817.638916
858.143250
900.508240
917.291626
909.334839
894.612732
864.131531
828.946777
776.645508
704.189270
621.773071
529.877136
435.364349
353.587708
305.338318
287.441315
290.501007
299.235474
304.552795
302.328857
300.583099
321.694550
339.788910
337.690735
330.591461
320.059662
303.574097
291.821442
269.032593
234.804214
210.379364
197.820801
200.583633
209.125305
2165.053467
2163.292480
2165.586426
2163.597656
201.115753
186.482315
170.424866
152.586304
115.682518
61.588348
33.861782
11.904904
0.023025
0.000000
0.000000
0.000000
0.000000
0.000000
0.000000
0.000000
132.325043
154.870377
180.628616
212.458694
252.330185
296.321289
340.321320
384.321320
430.121155
480.239685
528.585449
566.819336
596.562195
622.422974
691.086182
745.974487
795.751831
839.243042
894.151550
934.950684
942.286194
928.901306
908.307983
875.961609
836.124146
767.502441
679.280090
582.707886
480.452271
399.887604
368.036255
368.211823
378.952454
395.043457
400.233826
403.581146
405.885773
397.280975
395.307831
388.164520
373.021271
354.375153
343.653839
327.246979
298.068207
268.547546
248.661697
243.109100
248.508392
259.511078
2214.385742
2217.703125
2226.383789
2230.247559
272.397980
255.012527
227.938339
202.898697
166.065414
116.349205
74.683098
37.456528
11.904904
0.023025
0.000000
0.000000
0.000000
0.000000
0.000000
0.000000
154.607849
180.366089
212.196167
252.067657
296.058716
340.058746
384.058746
429.858582
479.977112
534.078491
583.322998
621.556946
649.454529
664.794373
687.231567
728.977295
783.229980
834.081177
892.229126
936.986877
967.263184
972.032654
954.162476
928.913879
890.165955
834.002747
751.207703
651.708130
543.744324
457.943390
431.347565
449.530579
481.145630
497.571228
508.312103
515.731201
488.355011
459.703979
452.696320
437.521881
414.263885
401.373810
386.000702
363.215729
338.750854
313.778595
301.277283
299.349304
307.074036
316.131561
2275.605957
2282.241699
2293.540771
2301.772949
344.397919
326.769470
296.468506
260.412170
216.377808
166.531540
119.943962
74.683098
37.456528
11.904904
0.023025
0.000000
0.000000
0.000000
0.000000
0.000000
170.313477
202.143585
242.015091
286.006134
330.006195
374.006134
419.806000
469.924530
524.025879
579.025879
628.270508
666.504333
694.401978
708.568298
727.077942
726.760803
773.430298
829.009399
885.932800
932.854736
969.951843
999.047729
996.541992
972.267761
940.612488
887.131470
819.673767
724.569275
616.184937
530.345581
506.007233
534.264771
576.540649
612.034546
627.308838
605.026428
557.625488
523.975098
508.957550
485.679108
468.190033
450.647797
428.888214
410.819580
390.915009
373.333496
364.466217
365.242218
372.009918
385.531494
397.432434
406.207855
418.806976
424.279694
416.397858
398.769379
368.225464
328.942352
273.891235
216.843933
166.531540
119.943962
74.683098
37.456528
11.904904
0.023025
0.000000
0.000000
0.000000
0.000000
186.039383
225.910889
269.901947
313.901978
357.901947
403.701813
453.820343
507.921661
562.921692
617.921753
667.166382
705.400146
733.969482
754.729248
776.228394
777.543213
782.402466
821.813599
882.389709
930.949036
971.596375
1004.722961
1024.794922
1015.879700
986.791504
943.282043
877.474365
800.214233
701.894470
621.502808
599.392334
623.000671
673.544861
723.898499
722.989075
681.143372
628.722534
587.083862
563.997498
546.509094
524.378540
500.462738
483.419220
469.902618
457.391174
443.455627
437.298492
437.126923
448.737183
465.673370
479.578583
488.762268
498.123383
500.020782
488.904816
470.769318
440.225433
400.699371
342.421478
274.357391
216.843933
166.531540
119.943962
74.683098
37.456528
11.904904
0.023025
0.000000
0.000000
0.000000
200.865219
244.856262
288.856262
332.856293
378.656128
428.774719
482.876007
537.876038
592.876099
647.876099
697.120667
736.026184
771.188904
796.783325
830.435608
834.992432
832.898865
829.424500
876.694641
930.292969
969.787476
1004.715698
1028.812866
1044.067749
1033.217529
991.243103
937.913818
867.973389
793.366150
725.305298
698.421814
724.983093
778.749695
802.119934
791.973511
758.625671
698.677795
648.949707
631.675049
609.580383
581.097473
561.908325
549.429626
543.305847
534.432068
523.209045
516.116272
520.793457
535.827820
555.146912
570.448425
576.258484
581.152527
579.337158
564.645874
543.276306
512.225342
472.699371
414.178436
342.887665
274.357391
216.843933
166.531540
119.943962
74.683098
37.456528
11.904904
0.023025
0.000000
0.000000
212.027283
256.027283
300.027252
345.827087
395.945679
450.047058
505.047089
560.047119
615.047180
670.047119
719.963379
765.462280
805.459717
843.207275
881.946716
890.071716
890.145142
882.580017
888.350708
925.852905
968.637695
1002.407593
1029.898926
1052.058350
1064.346313
1043.116333
996.991760
945.397949
880.376648
825.807495
811.699524
837.010315
858.825073
864.445374
851.996704
821.448364
766.928772
723.473694
701.572083
673.146790
649.425781
634.822754
629.747620
627.274231
621.112549
608.945618
606.703979
614.817139
632.240662
652.965393
665.271912
667.603088
668.648926
662.366516
643.962463
619.017517
584.732422
544.699280
486.178436
414.644623
342.887665
274.357391
216.843933
166.531540
119.943962
74.683098
37.456528
11.904904
0.000000
0.000000
211.800598
255.800583
301.600403
351.718994
405.820374
460.820374
515.820435
570.820435
625.820496
681.492126
738.001770
788.335510
840.485779
883.320679
925.628418
937.765686
944.269287
940.257202
939.146912
933.400818
960.084290
998.736755
1027.949219
1052.470703
1074.169678
1081.747437
1062.235352
1020.112854
963.217346
918.678711
921.585083
924.127197
924.090698
925.308044
908.160522
872.240356
834.320313
799.823364
771.985107
748.300903
729.187500
722.023193
720.619873
720.869507
713.776611
706.460510
707.646423
718.151062
736.992188
754.728271
763.565552
762.426819
759.993469
749.862793
726.991760
698.333984
660.473633
617.206360
558.178406
486.644623
414.644623
342.887665
274.357391
216.843933
166.531540
119.943962
74.683098
37.456528
0.000000
0.000000
210.800583
256.600403
306.718994
360.820313
415.820343
470.820435
525.820496
580.820435
636.492126
698.757202
760.101685
822.588257
879.825989
926.229004
972.130920
989.026123
1000.696899
1000.324829
1001.018799
988.386597
973.414307
998.844482
1031.907715
1060.656738
1090.387085
1113.244263
1124.806641
1099.075806
1052.095947
1019.205627
1011.504333
1003.400940
995.906799
983.104919
957.470520
930.651550
898.635193
873.322571
851.270508
832.588074
820.892700
817.421631
818.776245
818.115967
815.884705
812.009094
815.586243
827.500183
843.354919
857.633484
863.006958
858.398926
852.495850
838.886108
812.584595
781.132263
739.790039
692.947510
630.685486
558.644531
486.644623
414.644623
342.887665
274.357391
216.843933
166.531540
119.943962
74.683098
0.000000
0.000000
204.862640
254.981201
309.082550
364.082581
419.082611
474.082642
529.082642
584.754333
647.019470
714.119324
787.616699
855.190674
915.996582
965.993713
1015.516113
1034.481812
1046.578979
1049.625366
1053.954346
1043.130737
1025.739380
1008.481873
1030.829346
1068.458130
1107.681152
1140.786377
1157.407104
1163.195190
1136.129883
1100.876587
1090.839111
1075.347534
1055.096313
1030.024658
1007.429321
986.864014
966.962524
948.166748
931.992310
921.773010
914.165039
913.431335
913.897583
918.134033
919.364624
917.890869
922.890198
931.817444
944.206360
955.023560
956.939453
948.867676
939.495239
922.833740
895.862976
863.889893
821.294312
770.969849
705.132568
629.857605
557.350525
485.350677
413.350677
342.234344
274.307495
216.843933
166.531540
119.943962
0.000000
0.000000
187.465302
241.566605
296.566620
351.566650
406.566711
461.566742
517.238403
579.503540
646.603394
725.856201
804.440918
875.583130
939.982971
993.600586
1046.748901
1069.354736
1083.545898
1087.013550
1094.745361
1087.543701
1073.773926
1056.181152
1042.704468
1072.053345
1116.678833
1145.179077
1171.792114
1186.161377
1185.702271
1161.996338
1143.108765
1119.893066
1087.441772
1066.626099
1049.093872
1040.675415
1028.951538
1018.052734
1011.072021
1005.815918
1001.990417
1000.762573
1006.104919
1013.824585
1017.492188
1017.461853
1019.485291
1024.959595
1033.886841
1041.238037
1039.692871
1028.163452
1015.745361
998.424133
969.755859
934.303833
889.415100
837.837341
768.518127
689.667908
613.926819
541.419739
470.303528
402.376709
337.606995
273.606964
216.843933
166.531540
0.000000
0.000000
158.211777
213.211716
268.211731
323.211731
378.211823
433.883514
496.148651
563.248474
642.501282
726.841431
808.994446
883.730652
951.751038
1008.994629
1065.782959
1092.038330
1109.864502
1115.410889
1123.550659
1119.739746
1109.567139
1097.443481
1090.874878
1088.756958
1117.322266
1154.827026
1181.058228
1200.506836
1211.157227
1203.859253
1183.947266
1147.069092
1123.906128
1108.223389
1102.789551
1102.595459
1098.889404
1098.844849
1098.846802
1098.103882
1094.660034
1099.353271
1108.573120
1118.709106
1123.841675
1120.870361
1119.462158
1121.485596
1126.959717
1130.849854
1125.838379
1111.265869
1098.199707
1079.187134
1047.049194
1008.127380
959.759827
905.888977
835.316406
752.984253
673.667908
598.810486
530.376648
465.606995
401.606995
337.606995
273.606964
216.843933
0.000000
0.000000
125.211792
180.211731
235.211731
290.211731
345.883392
408.148651
475.248505
554.501282
638.841431
726.749817
812.496887
890.853577
962.499878
1023.383545
1083.821289
1113.711670
1135.171875
1144.339600
1154.546143
1151.118530
1146.184082
1141.874756
1139.572266
1139.452271
1141.618774
1171.606812
1201.929443
1223.524536
1238.468872
1233.623169
1217.189697
1192.482910
1171.597168
1173.045044
1172.315918
1172.965698
1179.681519
1186.740601
1192.916382
1194.574585
1197.782471
1207.228882
1219.910034
1231.905151
1234.076172
1227.694702
1222.870483
1221.461914
1223.485352
1223.921875
1215.867188
1200.638428
1185.883545
1163.413330
1127.812012
1085.420898
1033.583374
976.233704
903.368042
819.782532
737.867920
662.624817
594.114014
529.606934
465.606995
401.606995
337.606995
273.606964
0.000000
0.000000
93.813225
146.533371
201.533295
257.204987
319.470154
386.570099
465.822876
550.163025
638.071411
729.573914
818.941345
900.923950
976.210388
1040.743408
1104.816284
1138.340698
1163.422241
1176.211914
1190.015381
1190.501953
1190.168335
1189.894043
1189.865967
1196.444092
1202.353149
1207.768555
1236.427246
1261.328491
1269.890503
1265.843506
1263.622803
1251.640625
1249.334106
1252.631714
1256.782959
1260.695190
1268.009766
1280.810181
1289.507690
1299.478149
1309.458862
1323.097412
1338.513672
1348.591919
1347.746826
1337.928833
1329.694580
1324.870361
1323.461914
1320.865967
1312.167725
1295.249756
1277.029053
1251.097412
1212.038574
1166.183594
1110.876953
1050.057373
973.712769
888.717834
808.739441
733.171448
661.855103
594.114014
529.606934
465.606995
401.606995
337.606995
0.000000
0.000000
65.251503
103.835686
157.227417
219.492569
286.592438
365.811462
449.640533
536.906250
627.582153
721.673767
813.441589
897.649597
974.974304
1041.357788
1107.112061
1142.144775
1168.571045
1182.547119
1199.297607
1204.990479
1205.325439
1203.473145
1207.431885
1215.720337
1226.207642
1236.905396
1242.967896
1260.803101
1269.112183
1265.043579
1270.321167
1275.448853
1281.769531
1281.945557
1279.783569
1289.376221
1300.712524
1313.589111
1330.166748
1347.030518
1362.864014
1381.256470
1395.487183
1403.425659
1400.189087
1387.388916
1376.229248
1368.637695
1365.058350
1362.871338
1353.720215
1334.763916
1314.692871
1287.080078
1246.512451
1199.312866
1142.819702
1080.941650
1004.533142
921.856873
844.784607
769.371521
697.053284
628.045227
562.184143
498.168945
434.168945
370.168884
0.000000
0.000000
36.809464
66.147552
111.996864
176.816833
253.026993
331.448730
412.261780
496.090973
583.356689
674.032593
762.368713
843.125793
916.997437
979.919312
1042.207520
1073.779297
1096.748047
1109.148682
1126.688354
1130.264282
1128.505005
1126.407837
1126.608276
1134.495361
1145.611694
1154.862915
1160.204956
1159.089233
1166.769775
1167.636475
1170.391968
1174.540161
1178.055908
1182.455200
1176.809814
1171.228149
1180.871094
1200.694336
1222.394043
1244.678101
1265.386841
1284.254517
1298.363647
1304.641479
1302.307861
1293.000977
1285.409180
1281.830078
1284.680176
1287.892090
1282.380859
1267.073975
1250.637695
1226.658936
1189.713013
1146.135254
1093.239258
1035.825684
966.162415
889.556335
814.143311
741.824951
672.816895
606.955933
542.940613
478.940552
414.940552
351.004578
0.000000
0.000000
18.255775
44.746250
85.512520
143.596664
215.937805
292.219360
370.641113
451.454193
535.283386
622.549133
707.469543
784.794800
855.215637
914.684448
973.511108
1001.616882
1023.012512
1036.214600
1051.643799
1053.135010
1051.509033
1046.641357
1046.304443
1053.928833
1063.120361
1068.796265
1070.949585
1072.539551
1073.713379
1079.844727
1087.083740
1076.342773
1076.359619
1083.283691
1080.882446
1070.641724
1064.360107
1073.617554
1092.575317
1117.963501
1138.714111
1157.581665
1171.691406
1182.600708
1185.282715
1179.543945
1175.964600
1178.815186
1187.064209
1193.915527
1192.053955
1180.382080
1167.579590
1147.222412
1113.898560
1073.918091
1025.486572
974.817932
911.224915
836.277954
763.959717
694.951660
629.090637
565.075439
501.075409
437.075378
373.139404
314.801178
0.000000
0.000000
13.525035
37.620781
76.346092
124.512520
182.596695
254.937759
331.219421
409.641113
490.454224
574.283447
655.793762
729.703308
796.692383
852.710266
908.083923
934.616272
956.804993
967.898560
981.254944
982.885925
978.499084
973.472961
973.861633
979.425232
984.149597
986.158081
987.948730
992.376465
1001.084412
1007.388306
1008.088989
999.312256
989.768799
992.214294
991.162354
985.792786
970.388245
957.523376
959.723755
971.700806
990.657166
1009.092407
1027.954590
1043.951660
1050.201782
1048.475098
1051.325928
1059.574707
1071.463989
1081.964844
1083.738281
1075.699951
1066.519287
1049.784058
1020.057068
984.541199
942.854919
898.256531
836.322510
764.470398
695.462341
629.601379
565.586182
501.586151
437.586121
373.650146
315.311951
261.177063
0.000000
0.000000
18.557076
41.441463
72.504837
111.230171
159.396637
217.480743
289.821930
366.103455
444.525208
525.338379
603.412109
673.911621
737.484863
790.071045
843.881897
871.220032
891.300232
900.312805
913.811218
912.693054
908.153992
903.862610
902.569275
904.653992
905.575195
906.329468
910.479309
919.373047
928.966431
934.772339
934.029907
928.000977
919.442200
910.998230
907.249023
898.764343
882.033142
859.435730
840.175110
835.728516
841.247742
864.845154
888.794739
908.359985
918.622253
923.325928
931.574829
943.463867
959.002136
973.137756
978.545166
974.128845
968.570068
955.431824
930.169617
901.398865
865.782776
822.843506
764.004272
695.462341
629.601379
565.586182
501.586151
437.586121
373.650146
315.311951
261.177063
214.031845
0.000000
0.000000
13.844027
29.136230
52.020615
83.083992
121.809319
169.975754
228.059875
300.401062
376.682648
455.104370
530.162109
597.225159
657.388306
708.446838
763.084839
788.325073
806.336731
815.491272
826.232361
824.964172
821.171814
815.204651
810.441833
809.102051
809.757202
812.734863
820.459229
829.759583
835.786621
838.358459
838.908936
837.198792
832.379639
821.607544
806.841675
791.155823
770.699707
747.447266
725.057983
708.498047
708.882507
725.708496
753.203064
776.780457
793.473022
803.574768
815.463806
831.002197
850.175415
867.945190
876.974182
876.179565
874.217957
865.544495
847.027405
824.326721
790.369629
750.525146
694.996216
629.601379
565.586182
501.586151
437.586121
373.650146
315.311951
261.177063
214.031845
171.114502
0.000000
0.000000
1.698306
13.844027
29.136225
52.020622
83.083992
121.809319
169.975754
228.059875
300.401062
376.682648
449.348846
513.395935
572.010864
623.918213
676.493286
699.686401
717.850708
724.260559
734.851379
734.321716
728.855896
719.431091
711.250000
709.653687
712.911011
720.451233
728.446350
733.288818
735.603088
736.399414
738.034485
739.800049
735.879700
724.864563
706.872009
680.169434
653.183716
632.799988
613.918701
601.477356
595.274292
601.998779
621.646851
651.631287
673.721802
687.463806
703.002136
722.175415
744.982727
766.374268
779.025024
781.827698
784.330750
782.402283
769.955139
748.913574
718.051392
681.517090
629.135193
565.586182
501.586151
437.586121
373.650146
315.311951
261.177063
214.031845
171.114502
135.303833
0.000000
0.000000
0.000000
1.698306
13.844023
29.136227
52.020622
83.083992
121.809319
169.975754
228.059875
300.401062
370.927124
434.470947
494.328827
544.152649
594.702332
618.083069
633.523987
639.794312
651.136353
648.932861
640.001160
627.160400
618.734497
619.746582
627.575867
635.765869
640.291199
641.285095
640.932068
642.334351
644.376770
643.807068
639.379639
628.364624
610.129028
580.871338
549.462463
526.712341
516.259094
507.578461
496.909332
495.971008
508.379486
531.903320
557.611023
575.002197
594.175293
616.982605
643.411682
668.425049
684.673035
691.940369
701.188416
705.330017
694.542114
676.595337
649.043213
615.656067
565.120056
501.586151
437.586121
373.650146
315.311951
261.177063
214.031845
171.114502
135.303833
104.797249
0.000000
0.000000
0.000000
0.000000
1.698304
13.844023
29.136227
52.020622
83.083992
121.809319
169.975754
228.059875
296.533813
362.196289
421.015656
469.208160
519.924866
540.603882
555.940430
562.983276
572.662109
567.005554
554.657593
541.563843
535.748535
541.344421
549.829651
554.559143
555.614685
554.929565
555.046936
555.964905
555.193237
551.048096
543.386719
531.864441
514.300598
491.393372
461.592499
439.978546
427.411499
418.574310
410.590668
408.048187
414.179993
427.674194
445.172546
466.175659
488.982849
515.411804
545.462463
574.072998
594.785706
608.798096
624.116028
629.916870
622.223755
607.587158
583.182312
551.640930
501.119995
437.586121
373.650146
315.311951
261.177063
214.031845
171.114502
135.303833
104.797249
76.944771
0.000000
0.000000
0.000000
0.000000
0.000000
1.698304
13.844023
29.136227
52.020622
83.083992
121.809319
169.975754
228.059875
293.414703
351.478638
400.883118
449.292267
469.846100
485.976807
491.391754
497.638824
488.576721
475.988556
465.505157
464.265533
470.519531
475.555939
476.821747
476.207642
476.371460
476.992737
474.960907
469.722321
461.864349
450.627594
436.543121
425.065704
406.993195
389.102264
369.348938
349.333313
337.307098
332.028748
333.557831
335.295471
340.764160
348.227661
361.005890
387.411865
417.462616
451.110565
484.185760
511.643311
531.725830
548.703064
557.598633
553.215698
541.726257
519.166992
487.640869
437.119965
373.650146
315.311951
261.177063
214.031845
171.114502
135.303833
104.797249
76.944771
55.014156
0.000000
0.000000
0.000000
0.000000
0.000000
0.000000
0.000000
0.000000
0.000000
0.000000
0.000000
0.000000
0.000000
0.000000
0.000000
0.000000
0.000000
0.000000
0.000000
0.000000
0.000000
0.000000
0.000000
0.000000
0.000000
0.000000
0.000000
0.000000
0.000000
0.000000
0.000000
0.000000
0.000000
0.000000
0.000000
0.000000
0.000000
0.000000
0.000000
0.000000
0.000000
0.000000
0.000000
0.000000
0.000000
0.000000
0.000000
0.000000
0.000000
0.000000
0.000000
0.000000
0.000000
0.000000
0.000000
0.000000
0.000000
0.000000
0.000000
0.000000
0.000000
0.000000
0.000000
0.000000
0.000000
0.000000
0.000000
0.000000
0.000000
0.000000
0.000000
